                                                                                                                                                                                                                                                                                                                                                                                                                                                                                                                                                                                                                                    
                                                                                                                                                                                                                                                                                                                  
                                                                                                                                                                                                                                                                                                                  
   00000000        0      0       0 00000000                                                                                                  
  0        0      0 0     00     00 0                                                                                                     
  0        0     0   0    0 0   0 0 0                                                                                                         
  0              0   0    0 0   0 0 0                                                                                               
  0             0     0   0  0 0  0 00000000                                                                                                
  0             0000000   0  0 0  0 0                                                                                                    
  0     0000   0       0  0   0   0 0                                                                                                 
  0        0   0       0  0       0 0                                                                                                       
   00000000   0	        0 0       0 00000000                                                                                                     
                                                                                                                                                   
                                                                                                                                       
   0000000   0         0 00000000 000000                                                                                                                    
  0       0   0       0  0        0     0                                                                                                  
  0       0   0       0  0        0     0                                                                                                      
  0       0    0     0   0        0     0                                                                                                    
  0       0    0     0   00000000 000000                                                                                                     
  0       0     0   0    0        0   0                                                                                                        
  0       0     0   0    0        0    0                                                                                                  
  0       0      0 0     0        0    0                                                                                                    
   0000000        0      00000000 0     0                                                                                                
                                                                                                                                         
                                                                                                                                         
                                                                                       v                                                  
                                                                                                                                                                                           
                                                                                                                                         
                                                                                                                                         
                                                                                                                                         
                                                                                                                                         
                                                                                                                                         
                                                                                                                                                                                                                                                                                                                                                                                                                                                                                                                                                                                                           
                                                                                                                                                                                                                                                                                                         
                                                                                                                                         
                                                                                                                                         
                                                                                                                                         
                                                                                                                                         
                                                                                                                                         
                                                                                                                                         
                                                                                                                                         
                                                                                                                                         
                                                                                                                                                                                 
                                                                                                                                                                                                                                                                                                                          
                                                                                                                                                                                                                      
                                                                                                                                                                                           
                                                                                                                                                                                           
                                                                                                                                                                                           
                                                                                                                                                                                           
                                                                                                                                                                                           
                                                                                                                                                                                           
                                                                                                                                                                                                                
                                                                                                                                                                                                                
                                                                                 v                                                                                                                                                                                 
                                                                                                                                                                                                                                           
                                                                                                                                                                                                                                           
                                                                                                                                                                                                                                           
                                                                                                                                                                                                                                                                                                                                                                          
                                                                                                                                                                                                                                           
                                                                                                                                                                                                                                           
                                                                                                                                                                                                                                           
                                                                                                                                                                                                                                    
                                                                                                                                         
                                                                                                                                         
                                                                                                                                         
                                                                                                                                         
                                                                                                                                         
                                                                                                                                         
                                                                                                                                                                                 
                                                                                                                                                                                                                                                                                                                          
                                                                                                                                                                                                                      
                                                                                                                                                                                           
                                                                                                                                                                                           
                                                                                                                                                                                           
                                                                                                                                                                                           
                                                                                                                                                                                           
                                                                                                                                                                                           
                                                                                                                                                                                                                
                                                                                                                                                                                                                
                                                                                 v                                                                                                                                                                                 
                                                                                                                                                                                                                                           
                                                                                                                                                                                                                                           
                                                                                                                                                                                                                                           
                                                                                                                                                                                                                                                                                                                                                                          
                                                                                                                                                                                                                                           
                                                                                                                                                                                                                                           
                                                                                                                                                                                                                                           
                                                                                                                                                                                                                                  
                                                                                                                                         
                                                                                                                                         
                                                                                                                                         
                                                                                                                                         
                                                                                                                                         
                                                                                                                                         
                                                                                                                                                                                 
                                                                                                                                                                                                                                                                                                                          
                                                                                                                                                                                                                      
                                                                                                                                                                                           
                                                                                                                                                                                           
                                                                                                                                                                                           
                                                                                                                                                                                           
                                                                                                                                                                                           
                                                                                                                                                                                           
                                                                                                                                                                                                                
                                                                                                                                                                                                                
                                                                                 v                                                                                                                                                                                 
                                                                                                                                                                                                                                           
                                                                                                                                                                                                                                           
                                                                                                                                                                                                                                           
                                                                                                                                                                                                                                                                                                                                                                          
                                                                                                                                                                                                                                           
                                                                                                                                                                                                                                           
                                                                                                                                                                                                                                           
                                                                                                                                                                                                                                  
                                                                                                                                         
                                                                                                                                         
                                                                                                                                         
                                                                                                                                         
                                                                                                                                         
                                                                                                                                         
                                                                                                                                                                                 
                                                                                                                                                                                                                                                                                                                          
                                                                                                                                                                                                                      
                                                                                                                                                                                           
                                                                                                                                                                                           
                                                                                                                                                                                           
                                                                                                                                                                                           
                                                                                                                                                                                           
                                                                                                                                                                                           
                                                                                                                                                                                                                
                                                                                                                                                                                                                
                                                                                 v                                                                                                                                                                                 
                                                                                                                                                                                                                                           
                                                                                                                                                                                                                                           
                                                                                                                                                                                                                                           
                                                                                                                                                                                                                                                                                                                                                                          
                                                                                                                                                                                                                                           
                                                                                                                                                                                                                                           
                                                                                                                                                                                                                                           
                                                                                                                                                                                                                                  
                                                                                                                                         
                                                                                                                                         
                                                                                                                                         
                                                                                                                                         
                                                                                                                                         
                                                                                                                                         
                                                                                                                                                                                 
                                                                                                                                                                                                                                                                                                                          
                                                                                                                                                                                                                      
                                                                                                                                                                                           
                                                                                                                                                                                           
                                                                                                                                                                                           
                                                                                                                                                                                           
                                                                                                                                                                                           
                                                                                                                                                                                           
                                                                                                                                                                                                                
                                                                                                                                                                                                                
                                                                                 v                                                                                                                                                                                 
                                                                                                                                                                                                                                           
                                                                                                                                                                                                                                           
                                                                                                                                                                                                                                           
                                                                                                                                                                                                                                                                                                                                                                          
                                                                                                                                                                                                                                           
                                                                                                                                                                                                                                           
                                                                                                                                                                                                                                           
                                                                                                                                                                                                                                  
                                                                                                                                         
                                                                                                                                         
                                                                                                                                         
                                                                                                                                         
                                                                                                                                         
                                                                                                                                         
                                                                                                                                                                                 
                                                                                                                                                                                                                                                                                                                          
                                                                                                                                                                                                                      
                                                                                                                                                                                           
                                                                                                                                                                                           
                                                                                                                                                                                           
                                                                                                                                                                                           
                                                                                                                                                                                           
                                                                                                                                                                                           
                                                                                                                                                                                                                
                                                                                                                                                                                                                
                                                                                 v                                                                                                                                                                                 
                                                                                                                                                                                                                                           
                                                                                                                                                                                                                                           
                                                                                                                                                                                                                                           
                                                                                                                                                                                                                                                                                                                                                                          
                                                                                                                                                                                                                                           
                                                                                                                                                                                                                                           
                                                                                                                                                                                                                                           
                                                                                                                                                                                                                                  
                                                                                                                                         
                                                                                                                                         
                                                                                                                                         
                                                                                                                                         
                                                                                                                                         
                                                                                                                                         
                                                                                                                                                                                 
                                                                                                                                                                                                                                                                                                                          
                                                                                                                                                                                                                      
                                                                                                                                                                                           
                                                                                                                                                                                           
                                                                                                                                                                                           
                                                                                                                                                                                           
                                                                                                                                                                                           
                                                                                                                                                                                           
                                                                                                                                                                                                                
                                                                                                                                                                                                                
                                                                                 v                                                                                                                                                                                 
                                                                                                                                                                                                                                           
                                                                                                                                                                                                                                           
                                                                                                                                                                                                                                           
                                                                                                                                                                                                                                                                                                                                                                          
                                                                                                                                                                                                                                           
                                                                                                                                                                                                                                           
                                                                                                                                                                                                                                           
                                                                                                                                                                                                                                                                                             